l2C	N4C	N8C	N16C	eB	category
Tfe3	0.34465844402277	0.4	0.268181818181818	0.153846153846154	0.181818181818182	Early
Gripap1	0.0800442233278053	0.545	0.208689458689459	0	0.375	Early
Lamp2	0.318800816042196	0.588755294884327	0.200694444444445	0.130384615384615	0.206349206349206	Early
Cul4b	0.258918977004083	0.491320770732535	0.5	0.176209297948428	0.299578754578755	Early
Xiap	0.395382395382395	0.478437764930623	0.461421277997365	0.389913737832955	0.299920574083683	Early
Mmgt1	0.100507636004593	0.785714285714286	0.360001273236567	0.382352941176471	0.325081168831169	Early
Hcfc1	0.386214041304707	0.36043018505167	0.292764622546043	0.285320612542538	0.213247139124424	Early
Flna	1	0.758787878787879	0.41890289449113	0.00666666666666666	0.0750809314624181	Early
Zfx	0.6	0.444444444444444	0	0.166666666666666	0.111111111111111	Early
Las1l	0.398689273689273	0.394383394383394	0.250925925925926	0.204013136288999	0.0575757575757575	Early
Med12	0.528691808973499	0.37280701754386	0.422619047619048	0.333333333333333	0.0287081339712919	Early
Zmym3	0.522727272727273	0.7	0.371266339869281	0.379310344827586	0	Early
Nono	0.165391419725785	0.48215811965812	0.294493774000275	0.218981530906374	0.177652021030723	Early
Rps4x	0.111111111111111	0.627777777777778	0.292694716775599	0.20868833163764	0.168821488076807	Early
Cited1	0.294117647058824	0.671817629896959	0.267230212468859	0.167254338175948	0.360099595393713	Early
Abcb7	NA	0.541025641025641	0.275677866195108	0.16213768115942	0.145574989526603	Early
Magt1	0.34889846743295	0.709096459096459	0.472587719298246	0.031578947368421	0.00714285714285714	Early
Atp7a	0.245319081909445	0.716780126748398	0.0773809523809525	0.333333333333333	0.0416666666666667	Early
Prps1	0.36087678575536	0.4273419351018	0.446656896417018	0.269600428594288	0.191654351789321	Early
Gnl3l	0.380952380952381	0.316759009683538	0.387228047469502	0	0.0259109311740891	Early
Tsr2	0.4	0.625	0.29985957579424	0.222417582417582	0.316498316498316	Early
Wnk3	0.549900629537726	0.449959114959115	0.289651527809422	0.379222321373351	0.294047619047619	Early
Ubqln2	0.5	0.444444444444444	0	0.0462962962962963	0.02	Early
Pdha1	0.205128205128205	0.469524959742351	0.355924894717074	0.217780610115573	0.163541114058355	Early
Rbbp7	0.6	0.588235294117647	0.243055555555555	0.0625	0.375	Early
Slc35a2	0.3125	0.625	1	0.272727272727273	0.215909090909091	Mid
Hdac6	0.385190440181311	0.247591748026511	0.67845305832148	0.25	0.148809523809524	Mid
Cdk16	0.185420597117709	0.28645147123408	0.680249277614631	0.144729344729345	0.214525058275058	Mid
Rbmx	0.859757236227824	0.593170475439979	0.704761904761905	0	0	Mid
Bcap31	0.195121951219512	0.165368289637953	0.75015082046332	0.424066754501537	0.427568922305765	Mid
Smc1a	0.333333333333333	0.273690476190476	0.569978632478633	0.0789473684210528	0.13960113960114	Mid
Map7d2	0.75	0.593446065428824	0.45952380952381	0	0	Mid
Ofd1	0.361638361638362	0.483619929453263	1	0	0.198412698412698	Mid
Gpkow	0.441568865989218	0.482577815506508	0.640995475113122	0.547212918660287	0.148148148148148	Late
Wdr45	0.386386386386386	0.418264498264498	0.544321077245606	0.341695212999561	0.204545454545455	Late
Pcsk1n	0.67047619047619	0.157386363636364	0.428571428571429	1	0	Late
Gata1	0.603553921568627	0.557459935897436	0.660589415756372	0.432234432234432	0.28968253968254	Late
Tbc1d25	0.671296296296296	0.306467661691542	0.323529411764706	1	0.277777777777778	Late
Ebp	0.529411764705882	0.383333333333333	0.436698332531666	0.382783882783883	0.179864253393665	Late
Ftsj1	0.384615384615385	0.264761904761905	0.487619047619048	0.717598577892695	0.224896019013666	Late
Ocrl	0	0.157894736842106	0.5325	0.304273504273504	0.115757575757576	Late
Utp14a	0.737558356676004	0.484469830592725	0.323339719029374	0.501691408007197	0.261056964882188	Late
Ids	0	0.23028083028083	0.456140350877193	0.50376510884234	0.0811688311688311	Late
Hmgn5	0.501080093054171	0.608791208791209	1	0.592592592592593	0.0572104018912529	Late
Acsl4	0.481072876247623	0.466348934170217	0.680802714571513	0.47487308099152	0.196428571428572	Late
Kdm5c	0.267721861471862	0.229739010989011	0.590010221260221	0.4117738791423	0.293896843896844	Late
Prdx4	0.517241379310345	0.45	0.476190476190476	0.553977272727272	0	Late
Sms	0.0758553754600266	0.509056000015768	0.747922913680172	0.526518518518519	0.34517360678651	Late
Syap1	0.251539129853306	0.379909357805699	0.667412227896099	0.316160735515574	0.0405844155844156	Late
Siah1b	0.0339456306405459	0.308058058058058	0.389583333333334	0.424242424242424	0.162337662337663	Late
Clcn5	0.0354609929078013	0.0546875	0	0.0277777777777778	0.162892078681552	Constitutive
Usp9x	0.0216035876548123	0.188022080953258	0.256653099056116	0.524782349433512	0.299111382444716	Constitutive
Ddx3x	0.170396901213292	0.261325715189806	0.38716291622646	0.291837923940986	0.222371016147336	Constitutive
Rbmx2	0.414786967418547	0.0161290322580645	0.39367816091954	0.176470588235294	0	Constitutive
Hprt	0.135509355509355	0.202459869320443	0.383856673536517	0.171839047307016	0.129019846706568	Constitutive
Mospd1	0.278839304538651	0.128749578699023	0.350625763125763	0	0.0666666666666667	Constitutive
Htatsf1	0.0985888634630055	0.088888888888889	0.0656130268199234	0.453823953823954	0.137820512820513	Constitutive
Atp11c	0.0270833333333333	0.291666666666667	0.0416666666666667	0.0576923076923078	0	Constitutive
Fmr1	0.384672465477419	0.110294117647059	0.287121212121212	0.808943089430894	0.321110262286733	Constitutive
Irak1	0.542016806722689	0	0.219576719576719	0	0.0941558441558442	Constitutive
Brcc3	NA	0	0	0	0.0625	Constitutive
Vbp1	0.322222222222222	0	0.404667795972144	0.242063492063492	0.229984546346103	Constitutive
Tab3	0.0416895073441562	0.0756944444444445	0.155518394648829	0	0.0568181818181817	Constitutive
Gyk	0.00711816984858459	0.0172413793103448	0	0	0	Constitutive
Pola1	0.133928571428571	0.145412544078101	0.344261643528885	0.354023943177913	0.33767825311943	Constitutive
AU015836	0.0276484796817278	0	0	0.233974358974359	0.5	Constitutive
Pdzd11	NA	0	0	0.1	0.107142857142857	Constitutive
Kif4	0.263054188948307	0.318053801723432	0.245878274268105	0.192643356643357	0.207575757575757	Constitutive
Rlim	0.240598236363416	0.2904490285274	0.085097409334803	0.088906305453685	0.0682382721889092	Constitutive
Atrx	0.22448387821106	0.223201716821868	0.237216417986281	0.31874832688304	0.123305054576838	Constitutive
Brwd3	0.181220970602414	0.26110811846106	0.411991769554575	0	0.11377990430622	Constitutive
Gprasp1	0.1	0	0	0.3	0.0982142857142858	Constitutive
Alg13	0.0249406079649599	0.278679729397831	0.203790310436013	0.343159559613547	0.277194559221571	Constitutive
Amot	0.76272577996716	0.2375	0.243476976552104	0.185509839895105	0.124611883500515	Constitutive
Sat1	0.22972972972973	0.207207207207207	0.324643687028294	0.227250445632799	0.161930772308923	Constitutive
Zrsr2	0.152525676937442	0.0975804114749348	0.185982905982906	0.279917711598746	0.1875	Constitutive
Otud5	0.163001046646488	0.345679012345679	0.461111111111111	0.404082985979538	0.38781580493537	Escapee
Rbm3	0.377777777777778	0.251946778711485	0.352597402597403	0.583333333333333	0.374331550802139	Escapee
Bcor	1	0.545454545454545	0.238636363636364	0.583333333333333	0.401058201058201	Escapee
Atp6ap2	0.666666666666667	0.142857142857143	0.354755244755245	0.624490740740741	0.392795337489835	Escapee
Med14	0.556208703577124	0.44184207526891	0.743880310302724	0.504970760233918	0.520119047619047	Escapee
Kdm6a	0.168192873263524	0.253656587329986	0.496065044978088	0.578116710875332	0.493644590703414	Escapee
Uba1	0.343378491753946	0.448013656425513	0.585577757651849	0.469928482873116	0.381338560110304	Escapee
Nkap	0.230769230769231	0.166666666666667	0.659974937343358	0.313885778275476	0.473784461152882	Escapee
Slc6a8	NA	0.493781176916953	0.561717767197982	0.476239538239538	0.380983420757691	Escapee
Idh3g	0.619987247894225	0.677788220551379	0.556613756613757	0.37526911169326	0.374863944678186	Escapee
Renbp	NA	0.645833333333333	0.546349206349206	0.309740191804708	0.402166028097063	Escapee
Fam50a	0.296218487394958	0.444444444444444	0.622051282051282	0.611607142857143	0.466666666666666	Escapee
Dkc1	0.576854254911082	0.509582843195236	0.387575125369526	0.393291690192256	0.351772145737728	Escapee
Ogt	0.411295161079953	0.407070707070707	0.221590909090909	0.472781734394638	0.500036231884058	Escapee
Ercc6l	0.592097721400047	0.476450972044842	0.478239716939407	0.430588235294118	0.450292397660819	Escapee
Pbdc1	0.164634146341464	0.383333333333333	0.501436781609195	0.69978021978022	0.553571428571428	Escapee
Huwe1	0.419494928138863	0.387686958380176	0.384582797678175	0.404740691967913	0.437992204085991	Escapee
Mbtps2	0.126984126984127	0.4	0.683333333333333	0.527777777777778	0.694912930207048	Escapee
Txlng	0.0526315789473684	0.388888888888889	0.330083927510398	0.0555555555555555	0.571428571428571	Escapee
Hccs	0.476946655801416	0.394766412312051	0.590007215007215	0.38441026395118	0.387343260188088	Escapee
Ndufb11	0.389584706657877	0.723529411764706	0.692357642357642	0.756601731601732	0.470601173020528	Strain-bias
Usp11	0	0.513975155279503	1	1	0.444444444444444	Strain-bias
Ikbkg	0.833333333333333	0.582167832167832	0.537847222222222	0.811965811965812	0.352380952380952	Strain-bias
Mpp1	0.785714285714285	0.9375	0.928571428571429	0.952380952380952	0.466269841269841	Strain-bias
Eif2s3x	NA	0.982142857142857	0.723333333333333	0.427350427350427	0.433333333333334	Strain-bias
Yipf6	0.115409928393793	0.678125	0.379496891996892	0.740178571428572	0.40651577886872	Strain-bias
